24885439
24887489
24889183
24891435
24894773
24896105
24896111
24896169
24897161
24899169
24899635
24902061
24902847
24903743
24903749
24904001
24904009
24904011
24909647
24909667
24909801
24910467
24910491
24910831
24911483
24913007
24913621
24913623
24913635
24913735
24913831
24913963
24915531
24917275
24917545
24921163
24921375
24922365
24922775
24922881
24922891
24923487
24923565
24923943
24924211
24924911
24927173
24928343
24936977
24936987
24936989
24936991
24936993
24936997
24936999
24937001
24937003
24937005
24937007
24937009
24937011
24937013
24937015
24937017
24937019
24937021
24937023
24937025
24937027
24937029
24937031
24937033
24937035
24937037
24937039
24937041
24937043
24937045
24937047
24937049
24937051
24937055
24937057
24937059
24937061
24937063
24937065
24937067
24937069
24937071
24937073
24937075
24937077
24937079
24937081
24937083
24937085
24937087
24937089
24937091
24937093
24937095
24937097
24937099
24937101
24937103
24937105
24937107
24937109
24937111
24937113
24937115
24937117
24937119
24937121
24937123
24937125
24937127
24937129
24937131
24937133
24937135
24937137
24937139
24937143
24937145
24937147
24937149
24937151
24937153
24937155
24937157
24937159
24937161
24937163
24937165
24937167
24937169
24937171
24937175
24937177
24937179
24937181
24937183
24937185
24937187
24937189
24937191
24937193
24937195
24937197
24937199
24937201
24937203
24937207
24937209
24937211
24937213
24937217
24937219
24937221
24937223
24937225
24937227
24937229
24937231
24937233
24937237
24937239
24937243
24937245
24937247
24937249
24937251
24937253
24937255
24937257
24937261
24937263
24937265
24937267
24937269
24937271
24937273
24937275
24937277
24937279
24937283
24937285
24937287
24937289
24937291
24937293
24937295
24937297
24937299
24937301
24937303
24937305
24937307
24937309
24937311
24937313
24937315
24937317
24937319
24937321
24937323
24937325
24937327
24937329
24937331
24937333
24937335
24937337
24937339
24937341
24937343
24937345
24937347
24937349
24937351
24937353
24937355
24937357
24937359
24937361
24937363
24937365
24937367
24937369
24937371
24937373
24937375
24937377
24937379
24937381
24937383
24937385
24937387
24937389
24937391
24937393
24937395
24937397
24937399
24937401
24937403
24937405
24937407
24937409
24937411
24937413
24937415
24937417
24937419
24937421
24937423
24937425
24937427
24937429
24937431
24937433
24937435
24937437
24937439
24937441
24937443
24937445
24937447
24937449
24937451
24937453
24937455
24937457
24937459
24937461
24937463
24937465
24937467
24937469
24937471
24937473
24937477
24937479
24937481
24937483
24937485
24937487
24937489
24937491
24937493
24937497
24937499
24937501
24937503
24937505
24937507
24937509
24937511
24937513
24937515
24937517
24937519
24937521
24937525
24937527
24937529
24937531
24937533
24937535
24937537
24937539
24937541
24937543
24937545
24937547
24937549
24937551
24937553
24937555
24937557
24937559
24937561
24937563
24937565
24937567
24937569
24937571
24937573
24937575
24937577
24937579
24937581
24937583
24937585
24937589
24937591
24937593
24937595
24937597
24937599
24937601
24937603
24937605
24937607
24937609
24937611
24937613
24937615
24937617
24937619
24937621
24937623
24937625
24937627
24937629
24937631
24937633
24937635
24937637
24937639
24937641
24937643
24937645
24937651
24937653
24937659
24937661
24937663
24937665
24937667
24937669
24937671
24937673
24937675
24937677
24937679
24937681
24937683
24937685
24937687
24937689
24937691
24937693
24937695
24937697
24937699
24937703
24937705
24937707
24937709
24937711
24937713
24937715
24937717
24937719
24937721
24937723
24937725
24937727
24937729
24937731
24937733
24937735
24937737
24937739
24937741
24937743
24937745
24937747
24937749
24937751
24937755
24937757
24937759
24937761
24937763
24937765
24937767
24937769
24937771
24937775
24937777
24937779
24937781
24937783
24937785
24937787
24937789
24937791
24937793
24937795
24937797
24937799
24937801
24937803
24937805
24937807
24937809
24937811
24937813
24937815
24937817
24937819
24937821
24937823
24937825
24937827
24937829
24937831
24937833
24937835
24937837
24937839
24937841
24937843
24937845
24937847
24937851
24937853
24937855
24937857
24937859
24937861
24937863
24937865
24937867
24937869
24937871
24937873
24937875
24937877
24937879
24937881
24937883
24937885
24937887
24937889
24937891
24937893
24937895
24937897
24937899
24937901
24937903
24937905
24937907
24937909
24937911
24937913
24937915
24937917
24937919
24937921
24937923
24937925
24937927
24937929
24937931
24937935
24937937
24937939
24937941
24937943
24937945
24937947
24937949
24937951
24937953
24937955
24937957
24937959
24937963
24937965
24937969
24937979
24937981
24937983
24937985
24937987
24937989
24937991
24937995
24938001
24938003
24938005
24938007
24938031
24938033
24938037
24938039
24938041
24938043
24938045
24938047
24938049
24938051
24938053
24938055
24938057
24938061
24938065
24938067
24938069
24938071
24938073
24938077
24938079
24938085
24938087
24938089
24938091
24938093
24938095
24938097
24938099
24938101
24938103
24938105
24938107
24938109
24938111
24938113
24938115
24938117
24938119
24938121
24938123
24938125
24938127
24938129
24938131
24938133
24938135
24938137
24938139
24938141
24938143
24938145
24938147
24938149
24938151
24938153
24938155
24938157
24938159
24938161
24938163
24938165
24938167
24938169
24938171
24938173
24938175
24938177
24938179
24938181
24938183
24938185
24938187
24938189
24938191
24938193
24938195
24938197
24938199
24938201
24938203
24938205
24938207
24938209
24938211
24938213
24938215
24938217
24938219
24938221
24938223
24938225
24938227
24938231
24938233
24938235
24938237
24938239
24938241
24938243
24938245
24938247
24938249
24938251
24938253
24938255
24938257
24938259
24938261
24938263
24938265
24938267
24938269
24938271
24938273
24938275
24938277
24938279
24938281
24938283
24938285
24938287
24938289
24938291
24938293
24938295
24938297
24938299
24938301
24938303
24938305
24938307
24938309
24938311
24938313
24938315
24938317
24938319
24938321
24938323
24938325
24938327
24938329
24938331
24938333
24938335
24938337
24938339
24938341
24938343
24938345
24938347
24938349
24938351
24938353
24938355
24938357
24938359
24938361
24938363
24938365
24938367
24938369
24938371
24938373
24938375
24938377
24938379
24938381
24938383
24938385
24938387
24938389
24938391
24938393
24938395
24938397
24938399
24938401
24938403
24938405
24938407
24938409
24938411
24938413
24938415
24938417
24938419
24938421
24938423
24938425
24938427
24938429
24938431
24938433
24938435
24938437
24938439
24938441
24938443
24938445
24938447
24938449
24938451
24938453
24938455
24938457
24938459
24938461
24938463
24938465
24938467
24938469
24938473
24938475
24938477
24938481
24938483
24938485
24938487
24938489
24938491
24938493
24938495
24938497
24938499
24938501
24938503
24938505
24938507
24938509
24938511
24938513
24938515
24938517
24938519
24938521
24938523
24938525
24938527
24938529
24938531
24938533
24938535
24938537
24938541
24938543
24938545
24938547
24938549
24938551
24938553
24938555
24938557
24938559
24938561
24938563
24938565
24938567
24938569
24938571
24938573
24938575
24938577
24938579
24938581
24938583
24938585
24938589
24938591
24938593
24938599
24938601
24938605
24938607
24938609
24938611
24938613
24938615
24938617
24938619
24938621
24938623
24938625
24938627
24938629
24938633
24938635
24938637
24938639
24938641
24938643
24938645
24938647
24938649
24938651
24938653
24938655
24938657
24938659
24938661
24938663
24938667
24938671
24938673
24938675
24938677
24938679
24938681
24938683
24938687
24938689
24938693
24938695
24938697
24938701
24938705
24938709
24938711
24938713
24938715
24938717
24938719
24938723
24938727
24938731
24938735
24938737
24938739
24938745
24938747
24938753
24938755
24938771
24938775
24938777
24938779
24938781
24938783
24938785
24938787
24938789
24938791
24938795
24938797
24938799
24938801
24938803
24938805
24938807
24938809
24938811
24938813
24938815
24938817
24938819
24938821
24938823
24938825
24938827
24938829
24938831
24938833
24938835
24938837
24938839
24938841
24938843
24938845
24938847
24938849
24938851
24938853
24938855
24938857
24938859
24938861
24938863
24938865
24938867
24938869
24938871
24938873
24938875
24938877
24938879
24938881
24938883
24938885
24938887
24938889
24938891
24938893
24938895
24938897
24938899
24938901
24938903
24938905
24938907
24938909
24938911
24938913
24938915
24938917
24938919
24938921
24938923
24938925
24938927
24938929
24938931
24938935
24938937
24938939
24938941
24938943
24938945
24938947
24938949
24938951
24938955
24938957
24938959
24938961
24938963
24938965
24938967
24938969
24938971
24938973
24938975
24938977
24938979
24938981
24938983
24938985
24938987
24938989
24938991
24938993
24938995
24938997
24938999
24939001
24939003
24939005
24939007
24939009
24939011
24939013
24939015
24939017
24939019
24939021
24939023
24939025
24939027
24939029
24939031
24939033
24939035
24939037
24939039
24939041
24939043
24939045
24939047
24939049
24939051
24939053
24939055
24939057
24939059
24939061
24939063
24939065
24939067
24939069
24939071
24939073
24939075
24939077
24939079
24939081
24939083
24939085
24939087
24939089
24939091
24939093
24939095
24939099
24939101
24939103
24939105
24939107
24939109
24939111
24939113
24939115
24939117
24939119
24939121
24939123
24939125
24939127
24939129
24939131
24939133
24939135
24939137
24939139
24939141
24939143
24939145
24939153
24939157
24939187
24939189
24939191
24939193
24939209
24939265
24939333
24939381
24939415
24939509
24939573
24939575
24939577
24939579
24939593
24939599
24939701
24939703
24939705
24939707
24939795
24939831
24939833
24939843
24939845
24939847
24939849
24939851
24939853
24939855
24939857
24939859
24939861
24939863
24939865
24939867
24939869
24939871
24939873
24939875
24939877
24939879
24939881
24939883
24939885
24939889
24939891
24939893
24939895
24939899
24939901
24939903
24939905
24939907
24939909
24939911
24939913
24939915
24939917
24939919
24939921
24939923
24939925
24939927
24939929
24939931
24939933
24939935
24939937
24939939
24939941
24939943
24939945
24939947
24939949
24939951
24939953
24939955
24939957
24939959
24939961
24939967
24939969
24939971
24939973
24939975
24939977
24939979
24939981
24939983
24939985
24939987
24939989
24939991
24939993
24939995
24939997
24939999
24940001
24940003
24940005
24940007
24940009
24940011
24940013
24940015
24940017
24940019
24940021
24940023
24940025
24940027
24940029
24940031
24940033
24940035
24940037
24940039
24940041
24940043
24940045
24940047
24940049
24940051
24940053
24940055
24940057
24940059
24940061
24940063
24940065
24940067
24940069
24940071
24940073
24940075
24940077
24940079
24940081
24940083
24940085
24940087
24940089
24940091
24940093
24940095
24940097
24940099
24940101
24940103
24940105
24940107
24940109
24940111
24940113
24940115
24940117
24940121
24940123
24940125
24940127
24940129
24940131
24940133
24940135
24940137
24940139
24940141
24940143
24940145
24940147
24940149
24940151
24940153
24940155
24940157
24940159
24940161
24940163
24940165
24940167
24940169
24940171
24940175
24940177
24940179
24940181
24940183
24940185
24940187
24940189
24940191
24940193
24940195
24940197
24940199
24940201
24940203
24940207
24940211
24940215
24940219
24940223
24940227
24940237
24940239
24940243
24940245
24940247
24940249
24940251
24940263
24940265
24940267
24940271
24940275
24940299
24940301
24940571
24940817
24946115
24946125
24946393
24946621
24946637
24946751
24947117
24948095
24948875
24949639
24949963
24951503
24952393
24952537
24957153
24957155
24957161
24959643
24960793
24960889
24962375
24968277
24969287
24969289
24969291
24969293
24969295
24969609
24969905
24970087
24971823
24971831
24972731
24975331
24976641
24976643
24976647
24976649
24976665
24976685
24976693
24976699
24976725
24976727
24976773
24976877
24978919
24981335
24984461
24984615
24987045
24988443
24989075
24989179
24989505
24990463
24991403
24991969
24996245
24998683
25000961
25001231
25001495
25007245
25008351
25010457
25010735
25011905
25014591
25015443
25017265
25018399
25019919
25020563
25021731
25023173
25023271
25023399
25023537
25029433
25030339
25032139
25033111
25033905
25033911
25036333
25036675
25039437
25040355
25040883
25041733
25043193
25045775
25046585
25047261
25048513
25048855
25049553
25053629
25053645
25053907
25053973
25053975
25054037
25054451
25056043
25056281
25057463
25057731
25058923
25060169
25060213
25060669
25063051
25064127
25065539
25065637
25065851
25073703
25073879
25075647
25077643
25078035
25078055
25078209
25078279
25079477
25080695
25084161
25084969
25087411
25089217
25089489
25096465
25098093
25098557
25098579
25098639
25098713
25101615
25102131
25102821
25105485
25105931
25109049
25111765
25112951
25113743
25113905
25114157
25114619
25116605
25116665
25116857
25116935
25118369
25118639
25118959
25118993
25119469
25119633
25122039
25122985
25123965
25124645
25126097
25126459
25127433
25127939
25128267
25130969
25133325
25134089
25134723
25134821
25135033
25135211
25137891
25139307
25140823
25142223
25147095
25147933
25148647
25149253
25149257
25149571
25150979
25151349
25152357
25152479
25153343
25155899
25156245
25160451
25161053
25161109
25161339
25161779
25161883
25161911
25164311
25164443
25165783
25176513
25177243
25178715
25178811
25178853
25179427
25179467
25180347
25180809
25181435
25182261
25183529
25184575
25185161
25185279
25185467
25185539
25186545
25195685
25195711
25196023
25196339
25199681
25200199
25200441
25200567
25200711
25200861
25201693
25201857
25205225
25207653
25208481
25208793
25209833
25211695
25211705
25212707
25212955
25213113
25213442
25216061
25217425
25217477
25217567
25219399
25219805
25223029
25223543
25225207
25226451
25226547
25228071
25229053
25229129
25234879
25236501
25239177
25240759
25248291
25248707
25248975
25249381
25249633
25249883
25252555
25254093
25257659
25257723
25257725
25257739
25258767
25260276
25261038
25262542
25264833
25264835
25264837
25265539
25266345
25266417
25267409
25268573
25269713
25270019
25270533
25270669
25270951
25271099
25271459
25272391
25272733
25272967
25273015
25273253
25273853
25275609
25276057
25276245
25276469
25276687
25277005
25277309
25278829
25279033
25280417
25281631
25281633
25281711
25281857
25283375
25283645
25283687
25284191
25286617
25286729
25286991
25287979
25288637
25289923
25290243
25290315
25290405
25290501
25290611
25290649
25290665
25290687
25290721
25292673
25293415
25294739
25294850
25295201
25295205
25296323
25296359
25296451
25296799
25297407
25297661
25297813
25298081
25298293
25298627
25298811
25299333
25299449
25299891
25300309
25300465
25300637
25300797
25301001
25301103
25301137
25301695
25301697
25302199
25302463
25302619
25302639
25302697
25302991
25303583
25303661
25303769
25303877
25303955
25304267
25304411
25304447
25305463
25305607
25305643
25305651
25305659
25305681
25306305
25306675
25306969
25307959
25308071
25308079
25308991
25309361
25309413
25309589
25309717
25309719
25309729
25309731
25309735
25311445
25311675
25312339
25312579
25314193
25314381
25315001
25315115
25315179
25315787
25315811
25315901
25316239
25316275
25316469
25316615
25316685
25316889
25317163
25317707
25318245
25318521
25318639
25318653
25318763
25318789
25318827
25318899
25318979
25318983
25319195
25319459
25320237
25320259
25320291
25320903
25321087
25321577
25321789
25321923
25322679
25323801
25324425
25324497
25324657
25324731
25324741
25324857
25324901
25324993
25325021
25325027
25326003
25326027
25326207
25327401
25327527
25327543
25327653
25327683
25327805
25328715
25328969
25329605
25329805
25330305
25330579
25331131
25331333
25331523
25331551
25332029
25332559
25332669
25332961
25332973
25333065
25333075
25333117
25333121
25334621
25334911
25335283
25335777
25335795
25335801
25335817
25335855
25335897
25336125
25336287
25336371
25336411
25336413
25336587
25336921
25337215
25337651
25337869
25338179
25338213
25338257
25338461
25338581
25338719
25338733
25338765
25339899
25340315
25340441
25340503
25341045
25341137
25341151
25341153
25341361
25341421
25341701
25342167
25342189
25342227
25342429
25342617
25342737
25342947
25343241
25343907
25344031
25344201
25344327
25344971
25345665
25346247
25346423
25346697
25346701
25346703
25346705
25348031
25348161
25348225
25348419
25349099
25349405
25349417
25349457
25349539
25349833
25369271
25369275
25369323
25370187
25370239
25371015
25371667
25371727
25372063
25372501
25373189
25373845
25373871
25373955
25373985
25374011
25374361
25375265
25375513
25375627
25375963
25376069
25376173
25376441
25376469
25376517
25376573
25376665
25377169
25377413
25377511
25378145
25378333
25378593
25378673
25379373
25379459
25379563
25379629
25379631
25379663
25380683
25380737
25380889
25380959
25381057
25381767
25381783
25381945
25381967
25382191
25382827
25383261
25383601
25383627
25383663
25383733
25383813
25383883
25383969
25383985
25386615
25386749
25387039
25387701
25388567
25389067
25389099
25389647
25390109
25390113
25390217
25390371
25390623
25391047
25391075
25392271
25392299
25393075
25393325
25393421
25393709
25394209
25395481
25395539
25395569
25395797
25395811
25395969
25395991
25396151
25396153
25396667
25396713
25397339
25397975
25398155
25398281
25398395
25398401
25398475
25398675
25399397
25400667
25400827
25401017
25401055
25402157
25402389
25403147
25403167
25404059
25404275
25404553
25404793
25405313
25405891
25405895
25405897
25406747
25407021
25407023
25407037
25407151
25408085
25408399
25409315
25409457
25410201
25410239
25410415
25410989
25411301
25411491
25411859
25412053
25412071
25412507
25412641
25412669
25412765
25412779
25413973
25414129
25414187
25414443
25414691
25414989
25415085
25415129
25415139
25415143
25415251
25415387
25415479
25416425
25416723
25417059
25417115
25417671
25418193
25418233
25418493
25418799
25418859
25418871
25419351
25419901
25419907
25420087
25420225
25420415
25420437
25420501
25420541
25420893
25420947
25421097
25421159
25421259
25421345
25421983
25422707
25422761
25422961
25423013
25423017
25423107
25423175
25423219
25423359
25423465
25423723
25423727
25424065
25425591
25425603
25425765
25425849
25425885
25426087
25426191
25426297
25426403
25426851
25426853
25426857
25427157
25427159
25427227
25427755
25428035
25428055
25428187
25428915
25429415
25430971
25432063
25432151
25432195
25432617
25433183
25433855
25433865
25433897
25433957
25435559
25435853
25436553
25436607
25436839
25436993
25437873
25438843
25439255
25439259
25439273
25439551
25439663
25439711
25439871
25439915
25440505
25440751
25441193
25441297
25441393
25441743
25441801
25443569
25443669
25444353
25445505
25445933
25446359
25446455
25447025
25447593
25447813
25448135
25448141
25448393
25448787
25449135
25449143
25449191
25449227
25449359
25450459
25451779
25452127
25452237
25452819
25453787
25453869
25453965
25454005
25454319
25454595
25455137
25455237
25456357
25456533
25456623
25456647
25461321
25461649
25461715
25461967
25462001
25462129
25463007
25463533
25464611
25464681
25465701
25465761
25466501
25466687
25467691
25467909
25468319
25468413
25468497
25468707
25469213
25470229
25470985
25471131
25471511
25471521
25471917
25472075
25472077
25472171
25472223
25472289
25473443
25474695
25474711
25474957
25475071
25475269
25475295
25475519
25475963
25476421
25476697
25477017
25477113
25477119
25477233
25477239
25477745
25480881
25480951
25482589
25482879
25483159
25483161
25483305
25483743
25483761
25483763
25483959
25483979
25484027
25485173
25485493
25486401
25486761
25486867
25487459
25487515
25488417
25488709
25489829
25490461
25491017
25491367
25491919
25492783
25493521
25494015
25494025
25494363
25494397
25494615
25495983
25496611
25498295
25498327
25499913
25500167
25500219
25500331
25500723
25501475
25501967
25502083
25502197
25502449
25502811
25503489
25503935
25504227
25504419
25504549
25504819
25504979
25505005
25506437
25506453
25506827
25506849
25507303
25507777
25507865
25509077
25509385
25510025
25510395
25511061
25511213
25511241
25511371
25511529
25511989
25512595
25512915
25513661
25513781
25513945
25514075
25514079
25514195
25515905
25516001
25516579
25517401
25518619
25519857
25519941
25520027
25520413
25520419
25520431
25520857
25520869
25521171
25521713
25522283
25522573
25522929
25523217
25523337
25523485
25523635
25523705
25524345
25524653
25524917
25525109
25525211
25525363
25525401
25525405
25526335
25527125
25527237
25527249
25528275
25528329
25530083
25530111
25530243
25530475
25530975
25531095
25531121
25531485
25531715
25532015
25532021
25532101
25532163
25532373
25532495
25532499
25532985
25533665
25533695
25533751
25533945
25533949
25534303
25534763
25535107
25535541
25535625
25535707
25535715
25535745
25535755
25535833
25536697
25538539
25538587
25538639
25538713
25538813
25538917
25539069
25539355
25541015
25541393
25541421
25541665
25541821
25541857
25541947
25542237
25542669
25542915
25542949
25543067
25543085
25543675
25544217
25544301
25544699
25544835
25544963
25545913
25546387
25547223
25547333
25547827
25547867
25548001
25548021
25548035
25548081
25548117
25548897
25549755
25550131
25550347
25550425
25550603
25550783
25551061
25551093
25551103
25551193
25551263
25551591
25552793
25553177
25553357
25553999
25554003
25554009
25554045
25554067
25554129
25554221
25554425
25554481
25554691
25554789
25554987
25555013
25555441
25555661
25559371
25563835
25564253
25564303
25564419
25564515
25564841
25565367
25565945
25566233
25567085
25567385
25567719
25567811
25568067
25568121
25568379
25568515
25568651
25568791
25568825
25568827
25568917
25569217
25569517
25569689
25570103
25570481
25570605
25570609
25570839
25570889
25570965
25571009
25571025
25571047
25571049
25571181
25572291
25572595
25572705
25572721
25572729
25572907
25572973
25573217
25573229
25573479
25576717
25576935
25577143
25577675
25581299
25581309
25581669
25581675
25582021
25582251
25582311
25582611
25583141
25583223
25583241
25583333
25583669
25584999
25585095
25585133
25585185
25585187
25585341
25585521
25586049
25586275
25586455
25586473
25586535
25587203
25587563
25587631
25588091
25588357
25588557
25588797
25588803
25588853
25588865
25588969
25589305
25589473
25589605
25589609
25589639
25589653
25589655
25589669
25589739
25590345
25590347
25590469
25590639
25590645
25590987
25591197
25591345
25591359
25601743
25601745
25601817
25601845
25601979
25602141
25602305


25602563

25605737
25615897
25616185
25616237
25616269
25616299
25616385
25616449
25616501
25616863
25617133
25627579
25637883
25638171
25638939
25639263
25639265
25639267
25639551
25639553
25639743
25639867
25639907
25640249
25640455
25640493
25640763
25640773
25640893
25640931
25640935
25640953
25640963
25640965
25640969
25640985
25641017
25641075
25641101
25641123
25641127
25641141
25641235
25641523
25641937
25642045
25642883
25642885
25642991
25643015
25643061
25643103
25643121
25643129
25643141
25643155
25643159
25643207
25643211
25643217
25643221
25643225
25643349
25643381
25643385
25643577
25644701
25645029
25645141
25645169
25645235
25645249
25645259
25645317
25645353
25645605
25645609
25646053
25646107
25646205
25646585
25646913
25646931
25647067
25647101
25647375
25647597
25647837
25648007
25649547
25649651
25649711
25649795
25649797
25649935
25650097
25650105
25650685
25651063
25651231
25651283
25651325
25651367
25651429
25651509
25652027
25652077
25652521
25653471
25653889
25653947
25655017
25655113
25655115
25655351
25655635
25655907
25656039
25656049
25656087
25656105
25656147
25656237
25656315
25657137
25657315
25657463
25657469
25657481
25657505
25657837
25657949
25657951
25657973
25658087
25658127
25658147
25658279
25658909
25659059
25659991
25659993
25660035
25660137
25660139
25660197
25660199
25660201
25660203
25660237
25660351
25660497
25660643
25661109
25661241
25661323
25661423
25661703
25662033
25662167
25662191
25662351
25663423
25663425
25663431
25663435
25663439
25663467
25663525
25663743
25663801
25663817
25663845
25663857
25663863
25663893
25663901
25663961
25664605
25664649
25665059
25665251
25665303
25665929
25665991
25666001
25666113
25666123
25666135
25666279
25666309
25666627
25666729
25666735
25667033
25667555
25667667
25667679
25668031
25668067
25668075
25668143
25668145
25668235
25668373
25668397
25668437
25668457
25668467
25668481
25668515
25668569
25668649
25669083
25669591
25669927
25669931
25670459
25670517
25670671
25670675
25670705
25670723
25670729
25670789
25671791
25671793
25671979
25672111
25672503
25672517
25672551
25672589
25672609
25672763
25672951
25672959
25672969
25684983
25685233
25685317
25685399
25685535
25685637
25685743
25685747
25685815
25686217
25686361
25686427
25686451
25686507
25686517
25686617
25687125
25687309
25687311
25687637
25687801
25687803
25687919
25688233
25688377
25688425
25688489
25688491
25688679
25688953
25689001
25689297
25689431
25689695
25690079
25690361
25690439
25690595
25690639
25690675
25690721
25691191
25691285
25691311
25691537
25691541
25691691
25691715
25692159
25692239
25692259
25692319
25692379
25692437
25692593
25692701
25692705
25692735
25692779
25692885
25693183
25693331
25693613
25693839
25694015
25694091
25694181
25694197
25694421
25694611
25694619
25694649
25694717
25694839
25694879
25694923
25694933
25695133
25695297
25695397
25695949
25696125
25696845
25696981
25696991
25697141
25697805
25697997
25698065
25698245
25698521
25698527
25698577
25698901
25698911
25699565
25700383
25700631
25700643
25700727
25701781
25701803
25701857
25701859
25702033
25702419
25702421
25702855
25702857
25702891
25703837
25704241
25704243
25704357
25704433
25704821
25704933
25705131
25705155
25705237
25705627
25705685
25705717
25705739
25705743
25705859
25706703
25706711
25707185
25707287
25707367
25707405
25707407
25707419
25707457
25707877
25707881
25708067
25708231
25708345
25708489
25708527
25708787
25708951
25709677
25709753
25709933
25710227
25710297
25710539
25710549
25710569
25711471
25711767
25712091
25712129
25712357
